from Robot import *
from numpy import *
import matplotlib.pyplot as plt

# creating the robot
body = Robot()
body.name = 'Mono'

ux = array([[1, 0, 0]])
uy = array([[0, 1, 0]])
uz = array([[0, 0, 1]])
# creating the core and the corresponding links
# name, id, mass, direction, mother, child)
# core_l = Link('Centre', 0, 0.18520035953947, 'Left', None, 1)
# l_1 = Link('Hip_1', 1, .0843835237958419, 'Left', 0, 2)
# l_2 = Link('Hip_2', 2, 0.0831707898707576, 'Left', 1, 3)
# l_3 = Link('Thigh', 3, 0.116386255838466, 'Left', 2, 4)
# l_4 = Link('Knee', 4, 0.115582219792398, 'Left', 3, 5)
# l_5 = Link('Ankle_p', 5, 0.0467879950319091, 'Left', 4, None)
# l_6 = Link('Ankle_r', 6, 0.0467879950319091, 'Left', 5, None)
#
#
# core_r = Link('Centre', 0, 0, 'Right', None, 1)
# r_1 = Link('Hip_1', 1, .0843835237958419, 'Right', 0, 2)
# r_2 = Link('Hip_2', 2, 0.0831707898707576, 'Right', 1, 3)
# r_3 = Link('Thigh', 3, 0.116386255838466, 'Right', 2, 4)
# r_4 = Link('Knee', 4, 0.115582219792398, 'Right', 3, 5)
# r_5 = Link('Ankle_p', 5, 0.0467879950319091, 'Right', 4, None)
# r_6 = Link('Ankle_r', 6, 0.0467879950319091, 'Right', 5, None)

core_l = Link('Centre', 0, 0.18520035953947, 'Left', None, 1)
l_1 = Link('Hip_1', 1, 0.090718, 'Left', 0, 2)
l_2 = Link('Hip_2', 2, 0.342, 'Left', 1, 3)
l_3 = Link('Thigh', 3, 0.33732478, 'Left', 2, 4)
l_4 = Link('Knee', 4, 0.15100000, 'Left', 3, 5)
l_5 = Link('Ankle_p', 5, 0.342, 'Left', 4, None)
l_6 = Link('Ankle_r', 6, 0.0467879950319091, 'Left', 5, None)

core_r = Link('Centre', 0, 0, 'Right', None, 1)
r_1 = Link('Hip_1', 1, 0.090718, 'Right', 0, 2)
r_2 = Link('Hip_2', 2, 0.342, 'Right', 1, 3)
r_3 = Link('Thigh', 3, 0.33732478, 'Right', 2, 4)
r_4 = Link('Knee', 4, 0.15100000, 'Right', 3, 5)
r_5 = Link('Ankle_p', 5, 0.342, 'Right', 4, None)
r_6 = Link('Ankle_r', 6, 0.0467879950319091, 'Right', 5, None)

core_l.a = uz
l_1.a = uz
l_2.a = -uy
l_3.a = -ux
l_4.a = -ux
l_5.a = -ux
l_6.a = -uy

core_r.a = uz
r_1.a = uz
r_2.a = -uy
r_3.a = -ux
r_4.a = -ux
r_5.a = -ux
r_6.a = -uy

body.add_link(core_l)
body.add_link(l_1)
body.add_link(l_2)
body.add_link(l_3)
body.add_link(l_4)
body.add_link(l_5)
body.add_link(l_6)

body.add_link(core_r)
body.add_link(r_1)
body.add_link(r_2)
body.add_link(r_3)
body.add_link(r_4)
body.add_link(r_5)
body.add_link(r_6)

core_l.dh = array([[0.0, 0.0, 0.09, 0.0]])
l_1.dh = array([[0.0, -0.06, 0.0, pi / 2]])
l_2.dh = array([[0.0, 0.0, 0.0, pi / 2]])
l_3.dh = array([[0.0, 0.0, 0.25, 0.0]])
l_4.dh = array([[0.0, 0.0, .313, 0.0]])
l_5.dh = array([[0.0, 0.0, 0, pi / 2]])
l_6.dh = array([[0.0, 0.0, 0.045, 0.0]])

core_r.dh = array([[0.0, 0.0, -0.09, 0.0]])
r_1.dh = array([[0.0, -0.06, 0.0, pi / 2]])
r_2.dh = array([[0.0, 0.0, 0.0, pi / 2]])
r_3.dh = array([[0.0, 0.0, 0.25, 0.0]])
r_4.dh = array([[0.0, 0.0, .313, 0.0]])
r_5.dh = array([[0.0, 0.0, 0, pi / 2]])
r_6.dh = array([[0.0, 0.0, 0.045, 0.0]])

# l_2.I = (array([[2.94087635631147E-05,-1.19904545841814E-08,-2.40263672865729E-07],[-1.19904545841814E-08, 3.59801748266375E-05,7.9755837503152E-07],[-2.40263672865729E-07, 7.9755837503152E-07, 2.29200602273928E-05]]))
# l_3.I = (array([[0.000357762131890894,-4.71321103204108E-05,2.18885095933642E-06],[-4.71321103204108E-05, 5.14619739065129E-05,-5.54069244270054E-06],[2.18885095933642E-06, -5.54069244270054E-06, 0.000370171570432626]]))
# l_4.I = (array([[0.000397225397723862,-1.73262609639968E-05,1.32921239310872E-08],[-1.73262609639968E-05, 3.98086710206889E-05,-5.89721905441721E-07],[1.32921239310872E-08, -5.89721905441721E-07, 0.000393657905933943]]))
# # l_5.I = (l_3.mass*array([[1**2+0.5**2,0,0],[0, 11**2+0.5**2,0],[0, 0, 11**2+1**2]]))/12
#
# r_2.I = (array([[2.94087635631147E-05,-1.19904545841814E-08,-2.40263672865729E-07],[-1.19904545841814E-08, 3.59801748266375E-05,7.9755837503152E-07],[-2.40263672865729E-07, 7.9755837503152E-07, 2.29200602273928E-05]]))
# r_3.I = (array([[0.000357762131890894,-4.71321103204108E-05,2.18885095933642E-06],[-4.71321103204108E-05, 5.14619739065129E-05,-5.54069244270054E-06],[2.18885095933642E-06, -5.54069244270054E-06, 0.000370171570432626]]))
# r_4.I = (array([[0.000397225397723862,-1.73262609639968E-05,1.32921239310872E-08],[-1.73262609639968E-05, 3.98086710206889E-05,-5.89721905441721E-07],[1.32921239310872E-08, -5.89721905441721E-07, 0.000393657905933943]]))
#
#

l_1.I = (array(
    [[0.00014114, 0.00000000, 0.00000000], [0.00000000, 0.00002016, 0.00000000], [0.00000000, 0.00000000, 0.00014272]]))
l_2.I = (array([[0.00033963, 0.00000054, -0.00000042], [0.00000054, 0.00029059, 0.00001145],
                [-0.00000042, 0.00001145, 0.00015024]]))
l_3.I = (array(
    [[0.00012533, 0.00000000, 0.00000079], [0.00000000, 0.00295762, 0.00000000], [0.00000079, 0.00000000, 0.00291401]]))
l_4.I = (array([[0.0000634, 0.00000000, 0.0], [0.00000000, 0.00139615, 0.00000000], [0.0000, 0.00000000, 0.00136734]]))
l_5.I = (array([[0.00029059, -0.00001145, -0.00000054], [-0.00001145, 0.00015024, -0.00000042],
                [-0.00000054, -0.00000042, 0.00033963]]))

r_1.I = (array(
    [[0.00014114, 0.00000000, 0.00000000], [0.00000000, 0.00002016, 0.00000000], [0.00000000, 0.00000000, 0.00014272]]))
r_2.I = (array([[0.00033963, 0.00000054, -0.00000042], [0.00000054, 0.00029059, 0.00001145],
                [-0.00000042, 0.00001145, 0.00015024]]))
r_3.I = (array(
    [[0.00012533, 0.00000000, 0.00000079], [0.00000000, 0.00295762, 0.00000000], [0.00000079, 0.00000000, 0.00291401]]))
r_4.I = (array([[0.0000634, 0.00000000, 0.0], [0.00000000, 0.00139615, 0.00000000], [0.0000, 0.00000000, 0.00136734]]))
r_5.I = (array([[0.00029059, -0.00001145, -0.00000054], [-0.00001145, 0.00015024, -0.00000042],
                [-0.00000054, -0.00000042, 0.00033963]]))
